-0.236,0.148,0.867
-0.225,0.181,0.802
-0.056,0.188,0.864
0.013,0.211,0.944
0.080,0.244,0.912
0.069,0.233,0.807
0.005,0.263,0.714
-0.064,0.271,0.630
-0.095,0.312,0.687
-0.145,0.310,0.737
-0.131,0.324,0.781
-0.063,0.319,0.854
-0.008,0.327,0.945
0.060,0.315,0.982
0.067,0.305,1.027
0.050,0.311,1.003
0.046,0.338,0.958
0.005,0.361,0.945
0.044,0.374,0.939
0.091,0.361,0.986
0.054,0.368,1.098
0.027,0.357,1.091
0.046,0.354,1.082
0.019,0.314,1.123
0.010,0.276,1.068
-0.038,0.299,0.977
-0.043,0.299,0.970
0.004,0.349,0.938
0.024,0.306,0.976
0.010,0.330,1.041
-0.018,0.301,1.042
-0.009,0.286,0.935
0.023,0.296,0.922
0.058,0.292,1.023
0.020,0.309,1.072
0.028,0.311,1.100
0.023,0.315,1.059
0.014,0.262,0.965
-0.033,0.290,0.949
-0.042,0.295,0.990
-0.076,0.267,1.003
-0.066,0.251,0.942
-0.084,0.258,0.974
-0.054,0.279,0.961
-0.039,0.265,0.945
-0.042,0.275,0.973
-0.010,0.286,1.067
0.027,0.284,1.074
0.066,0.280,1.117
0.095,0.283,1.113
0.110,0.315,1.172
0.074,0.246,1.254
0.045,0.278,1.211
0.068,0.312,1.156
0.075,0.275,1.132
-0.042,0.313,1.109
-0.063,0.320,1.128
-0.059,0.313,1.155
-0.021,0.371,1.140
0.061,0.332,1.081
0.067,0.386,1.056
0.040,0.364,1.084
0.032,0.415,1.088
-0.007,0.440,1.046
0.000,0.429,1.037
0.027,0.449,1.037
0.038,0.452,1.017
0.089,0.448,0.967
0.076,0.457,0.937
0.042,0.422,0.999
0.048,0.456,0.989
0.109,0.435,0.944
0.094,0.442,0.860
0.082,0.459,0.842
0.104,0.440,0.853
0.162,0.465,0.812
0.191,0.492,0.820
0.195,0.501,0.839
0.185,0.508,0.996
0.186,0.515,1.000
0.251,0.509,0.894
0.232,0.509,0.877
0.181,0.513,0.936
0.162,0.544,0.790
0.225,0.429,1.022
0.141,0.459,1.045
0.110,0.445,0.944
0.215,0.384,1.002
0.190,0.432,0.915
0.154,0.479,0.802
0.128,0.439,0.872
0.113,0.507,0.916
0.120,0.463,0.868
0.160,0.454,0.840
0.215,0.485,0.858
0.265,0.447,0.799
0.285,0.512,0.706
0.271,0.486,0.678
0.195,0.499,0.673
0.138,0.500,0.724
0.157,0.546,0.733
0.195,0.557,0.723
0.195,0.539,0.739
0.188,0.527,0.813
0.265,0.509,0.831
0.285,0.492,0.878
0.241,0.478,0.932
0.213,0.491,1.006
0.188,0.502,1.052
0.277,0.505,1.033
0.250,0.525,1.025
0.258,0.524,0.981
0.279,0.558,0.888
0.209,0.577,0.812
0.217,0.587,0.847
0.206,0.561,0.841
0.259,0.558,0.757
0.339,0.562,0.762
0.253,0.559,0.769
0.093,0.569,0.885
0.129,0.591,0.944
0.250,0.566,0.956
0.263,0.596,0.983
0.319,0.554,0.956
0.348,0.569,0.861
0.295,0.565,0.817
0.249,0.625,0.826
0.261,0.522,0.882
0.293,0.591,0.957
0.285,0.519,0.896
0.217,0.649,0.772
0.150,0.454,0.758
0.346,0.486,0.743
0.542,0.419,0.831
0.564,0.477,0.888
0.501,0.509,0.952
0.415,0.561,0.848
0.412,0.507,0.864
0.305,0.480,0.821
0.144,0.492,0.756
0.243,0.471,0.737
0.299,0.445,0.870
0.370,0.439,1.022
0.380,0.423,1.059
0.363,0.443,1.030
0.344,0.482,0.956
0.244,0.510,0.881
0.204,0.573,0.793
0.250,0.615,0.763
0.218,0.635,0.821
0.224,0.637,0.933
0.276,0.668,0.916
0.262,0.651,0.861
0.201,0.645,0.832
0.233,0.655,0.798
0.265,0.633,0.729
0.207,0.625,0.709
0.128,0.615,0.833
0.203,0.528,0.811
0.324,0.506,0.573
0.263,0.490,0.475
0.203,0.445,0.435
0.176,0.412,0.379
0.157,0.353,0.309
0.090,0.328,0.200
0.040,0.333,0.145
-0.046,0.302,0.169
-0.105,0.228,0.067
-0.161,0.198,-0.006
-0.226,0.099,-0.062
-0.176,-0.065,-0.126
0.076,-0.211,-0.092
0.146,-0.302,0.740
0.058,-0.482,1.903
-0.015,-0.294,2.000
0.237,-0.251,2.000
0.332,-0.276,2.000
0.183,-0.181,2.000
-0.103,-0.124,2.000
-0.071,-0.113,2.000
0.013,-0.172,2.000
0.019,-0.150,2.000
0.155,-0.180,2.000
0.228,-0.202,2.000
0.280,-0.167,1.997
0.369,-0.180,1.779
0.312,-0.168,1.510
0.095,-0.131,1.261
0.011,-0.116,1.134
0.092,-0.090,0.982
0.118,-0.067,0.920
0.083,-0.034,0.885
0.090,-0.014,0.901
0.109,0.021,0.975
0.150,0.022,0.966
0.261,0.047,0.880
0.270,0.092,0.904
0.305,0.080,0.878
0.324,0.123,0.836
0.355,0.149,0.925
0.365,0.164,0.987
0.426,0.148,0.913
0.503,0.130,0.809
0.555,0.119,0.762
0.519,0.078,0.727
0.384,0.085,0.600
0.296,0.097,0.512
0.258,0.087,0.461
0.200,0.106,0.367
0.118,0.168,0.270
0.140,0.191,0.292
0.208,0.194,0.289
0.206,0.180,0.314
0.207,0.164,0.452
0.271,0.069,0.568
0.278,0.033,0.527
0.102,0.006,0.527
0.053,-0.092,0.540
0.160,-0.181,0.425
0.280,-0.208,0.753
0.406,-0.261,1.488
0.680,-0.333,2.000
0.782,-0.389,2.000
0.537,-0.266,2.000
0.089,-0.272,2.000
-0.352,-0.278,2.000
-0.498,-0.174,2.000
-0.529,-0.064,2.000
-0.319,-0.010,2.000
0.051,-0.017,2.000
0.023,-0.081,1.591
-0.059,-0.091,1.127
-0.197,0.007,0.827
-0.359,0.131,0.593
-0.380,0.281,0.485
-0.342,0.303,0.399
-0.190,0.334,0.349
-0.045,0.360,0.195
-0.000,0.427,0.049
-0.012,0.453,0.103
0.011,0.472,0.204
0.059,0.490,0.177
0.147,0.491,0.092
0.343,0.515,0.123
0.375,0.479,0.237
0.268,0.482,0.324
0.163,0.455,0.237
0.198,0.458,0.225
0.222,0.411,0.208
0.204,0.391,0.190
0.161,0.378,0.262
0.060,0.369,0.501
0.042,0.344,0.720
0.071,0.352,0.849
0.010,0.319,0.781
0.088,0.275,0.768
0.006,0.245,1.029
-0.219,0.227,1.473
-0.274,0.215,1.851
-0.075,0.214,1.896
0.043,0.191,1.925
-0.062,0.198,2.000
-0.021,0.177,2.000
0.025,0.126,1.895
0.160,0.110,2.000
0.075,0.147,1.904
0.256,0.100,1.625
0.304,0.070,1.724
0.213,0.062,1.832
0.517,-0.009,1.622
0.681,-0.026,1.451
0.878,-0.023,1.379
0.903,-0.010,1.217
0.650,0.007,1.108
0.476,0.007,1.059
0.491,-0.031,0.880
0.558,-0.006,0.510
0.447,0.029,0.208
0.248,0.120,0.163
0.194,0.215,0.109
0.264,0.309,0.069
0.266,0.333,0.082
0.366,0.383,0.068
0.405,0.412,0.019
0.358,0.428,0.041
0.314,0.445,0.151
0.217,0.454,0.248
0.088,0.451,0.230
0.037,0.446,0.139
0.017,0.482,0.096
0.076,0.433,0.169
0.084,0.351,0.188
0.103,0.298,0.135
0.207,0.218,0.113
0.239,0.076,0.325
0.253,-0.013,0.431
0.283,-0.035,0.549
0.266,-0.154,0.917
0.041,-0.209,1.208
0.318,-0.256,1.635
0.676,-0.346,2.000
0.972,-0.276,2.000
1.265,-0.339,2.000
1.212,-0.322,2.000
1.011,-0.286,2.000
0.766,-0.257,2.000
0.641,-0.239,2.000
0.529,-0.244,2.000
0.443,-0.246,1.997
0.379,-0.208,2.000
0.238,-0.180,2.000
-0.011,-0.189,1.809
-0.119,-0.150,1.457
-0.055,-0.092,1.105
-0.029,-0.032,0.797
-0.136,0.043,0.548
-0.143,0.152,0.386
-0.140,0.206,0.178
-0.077,0.322,-0.054
0.090,0.362,-0.129
0.180,0.383,-0.107
0.144,0.440,-0.085
-0.039,0.492,0.019
-0.073,0.497,0.109
-0.066,0.469,0.113
0.016,0.479,0.092
0.054,0.471,0.187
0.007,0.408,0.397
-0.040,0.379,0.660
0.002,0.367,0.846
0.175,0.224,0.951
0.208,0.199,1.044
0.135,0.196,1.729
0.090,0.162,2.000
0.264,0.178,2.000
0.336,0.107,1.849
0.482,0.089,2.000
0.897,0.065,2.000
0.986,0.071,2.000
0.720,-0.042,2.000
1.120,-0.122,1.944
1.093,-0.131,1.815
0.906,-0.177,1.712
0.911,-0.253,1.412
0.741,-0.282,1.012
0.424,-0.236,0.604
0.297,-0.168,0.312
0.286,-0.089,0.014
0.327,0.056,-0.248
0.268,0.201,-0.332
0.284,0.236,-0.271
0.205,0.294,-0.219
0.046,0.348,-0.184
0.089,0.378,-0.173
0.273,0.455,-0.078
0.491,0.431,0.097
0.437,0.405,0.073
0.289,0.431,-0.031
0.238,0.430,-0.083
0.227,0.444,-0.181
0.249,0.432,-0.235
0.217,0.403,-0.268
0.167,0.331,-0.219
0.024,0.250,-0.145
-0.050,0.114,-0.018
-0.079,0.044,0.157
-0.097,-0.164,0.389
-0.010,-0.283,0.531
0.156,-0.465,0.843
0.367,-0.644,1.445
0.622,-0.716,1.937
0.715,-0.715,2.000
1.028,-0.635,2.000
1.110,-0.625,2.000
1.266,-0.635,2.000
1.354,-0.616,1.962
1.260,-0.598,1.718
1.125,-0.625,1.832
0.905,-0.588,1.979
0.819,-0.554,2.000
0.849,-0.585,2.000
0.635,-0.578,1.917
0.360,-0.535,1.827
0.321,-0.501,1.779
0.376,-0.439,1.708
0.378,-0.430,1.564
0.205,-0.439,1.450
-0.062,-0.330,1.260
-0.128,-0.215,1.088
-0.152,-0.142,0.871
-0.138,-0.039,0.699
-0.115,0.068,0.604
-0.088,0.098,0.468
-0.161,0.115,0.198
-0.167,0.258,-0.107
-0.171,0.377,-0.286
-0.176,0.478,-0.300
-0.160,0.492,-0.308
-0.118,0.490,-0.289
-0.027,0.482,-0.250
0.100,0.429,-0.195
0.113,0.329,-0.084
0.052,0.278,0.104
-0.078,0.205,0.696
0.094,0.033,1.454
0.499,-0.006,1.914
0.725,0.026,2.000
0.631,0.019,2.000
0.407,0.106,2.000
0.482,-0.027,2.000
0.704,-0.043,1.969
0.678,-0.042,1.796
0.743,-0.063,1.809
0.921,-0.091,1.726
1.028,-0.057,1.666
1.122,-0.074,1.682
1.159,-0.119,1.572
1.184,-0.104,1.242
1.011,-0.097,1.019
0.721,-0.063,0.866
0.361,-0.028,0.663
0.315,0.045,0.450
0.402,0.102,0.326
0.381,0.096,0.088
0.338,0.158,-0.223
0.213,0.296,-0.416
0.090,0.395,-0.423
0.089,0.433,-0.323
0.111,0.415,-0.100
0.214,0.434,0.084
0.266,0.424,0.101
0.308,0.437,-0.038
0.302,0.475,-0.089
0.197,0.511,-0.052
0.065,0.479,0.041
-0.033,0.423,0.073
-0.073,0.333,0.075
-0.030,0.240,0.111
0.113,0.110,0.199
0.220,0.042,0.390
0.300,-0.144,0.589
0.438,-0.294,0.810
0.582,-0.428,0.980
0.497,-0.485,1.316
0.714,-0.564,1.689
1.077,-0.557,1.575
1.115,-0.639,1.182
1.028,-0.695,1.132
0.930,-0.610,1.897
1.396,-0.675,2.000
1.839,-0.698,2.000
1.739,-0.620,2.000
1.191,-0.685,2.000
0.797,-0.670,1.787
0.689,-0.617,1.794
0.742,-0.599,1.809
0.669,-0.550,1.844
0.434,-0.514,1.764
0.203,-0.473,1.569
0.093,-0.404,1.310
0.091,-0.306,1.073
0.088,-0.168,0.964
0.142,-0.105,1.022
0.088,-0.066,0.980
0.014,-0.023,0.835
0.008,0.052,0.624
0.107,0.125,0.355
0.126,0.216,0.095
0.100,0.295,0.010
0.087,0.394,-0.124
0.085,0.412,-0.270
0.049,0.513,-0.361
0.039,0.539,-0.375
0.126,0.514,-0.299
0.180,0.472,-0.241
0.121,0.411,-0.164
0.108,0.345,0.224
0.243,0.280,0.699
0.406,0.179,0.977
0.377,0.191,1.349
0.574,0.132,1.877
0.777,0.088,2.000
0.800,0.154,2.000
0.535,0.139,2.000
0.534,0.091,1.779
0.533,0.087,1.655
0.750,0.063,1.732
0.682,0.065,1.759
0.573,-0.017,1.694
1.225,0.002,1.326
1.381,-0.009,1.401
1.445,-0.097,1.460
1.057,-0.034,1.162
0.849,-0.021,0.859
0.676,0.025,0.733
0.450,-0.006,0.603
0.529,0.062,0.392
0.708,0.101,0.209
0.621,0.170,0.008
0.411,0.232,-0.078
0.375,0.242,-0.165
0.389,0.310,-0.308
0.489,0.409,-0.237
0.473,0.387,-0.050
0.367,0.403,-0.054
0.195,0.439,-0.016
0.242,0.449,0.061
0.265,0.455,0.006
0.232,0.441,-0.080
0.154,0.479,-0.240
-0.005,0.427,-0.309
-0.179,0.405,-0.327
-0.253,0.325,-0.122
-0.130,0.089,0.247
0.039,-0.163,0.365
0.171,-0.135,0.299
0.150,-0.322,0.427
0.032,-0.588,0.802
0.321,-0.742,1.082
0.421,-0.797,1.306
0.688,-0.925,1.710
1.180,-0.959,1.861
1.438,-1.036,1.633
1.530,-1.013,1.333
1.473,-0.989,1.498
1.226,-1.009,1.811
1.245,-0.896,2.000
1.727,-0.877,2.000
1.726,-0.978,2.000
1.170,-0.922,2.000
0.959,-0.906,1.745
0.708,-0.887,1.741
0.634,-0.837,1.902
0.601,-0.886,1.834
0.337,-0.805,1.475
0.042,-0.700,1.194
-0.090,-0.493,0.972
0.029,-0.342,0.770
0.075,-0.156,0.771
0.006,-0.140,0.808
-0.061,-0.140,0.535
-0.170,-0.015,0.270
-0.338,0.146,-0.036
-0.378,0.317,-0.241
-0.267,0.394,-0.083
-0.061,0.372,0.044
0.073,0.407,-0.088
0.024,0.426,-0.194
-0.118,0.454,-0.174
-0.166,0.480,-0.176
0.004,0.396,-0.189
0.173,0.264,-0.086
0.091,0.153,0.276
0.087,-0.053,0.856
0.234,-0.178,1.535
0.157,-0.208,2.000
0.353,-0.258,2.000
0.716,-0.325,2.000
1.044,-0.357,2.000
1.030,-0.344,2.000
1.084,-0.400,2.000
1.368,-0.384,2.000
1.375,-0.387,1.964
1.240,-0.381,1.750
1.088,-0.416,1.720
1.141,-0.454,1.287
0.981,-0.410,0.875
0.570,-0.310,0.640
0.232,-0.186,0.520
0.184,-0.128,0.208
0.255,-0.009,-0.228
0.232,0.230,-0.663
0.033,0.399,-0.748
-0.071,0.469,-0.459
0.054,0.415,-0.292
0.054,0.444,-0.365
0.062,0.481,-0.292
0.334,0.488,-0.097
0.462,0.435,-0.035
0.530,0.391,-0.073
0.501,0.421,-0.115
0.296,0.431,-0.113
0.089,0.335,0.043
-0.008,0.257,0.066
0.015,0.063,-0.045
0.262,-0.111,-0.102
0.298,-0.079,-0.236
0.224,-0.367,-0.036
-0.161,-0.644,0.618
-0.404,-0.758,1.308
-0.167,-1.004,1.984
0.368,-0.892,2.000
1.080,-0.904,2.000
1.173,-0.913,1.759
0.942,-0.894,1.511
0.956,-0.942,1.518
0.907,-0.935,1.888
1.357,-0.914,2.000
1.430,-1.096,2.000
1.245,-0.902,2.000
1.208,-1.011,2.000
0.985,-1.072,1.784
0.572,-1.037,1.578
0.420,-0.967,1.700
0.363,-0.950,1.716
0.243,-0.858,1.552
0.095,-0.741,1.374
0.089,-0.652,1.095
-0.019,-0.451,0.853
-0.044,-0.297,0.793
-0.018,-0.150,0.892
0.082,-0.102,0.950
0.169,-0.065,0.845
-0.070,-0.045,0.616
-0.263,0.093,0.308
-0.300,0.178,0.045
-0.223,0.218,-0.156
-0.281,0.347,-0.337
-0.327,0.427,-0.511
-0.219,0.491,-0.443
-0.119,0.410,-0.147
-0.052,0.326,0.045
0.051,0.328,0.140
0.048,0.222,0.327
0.119,0.135,0.673
0.225,0.053,1.022
0.275,-0.015,1.388
0.157,0.069,2.000
0.190,-0.148,2.000
0.353,-0.222,2.000
0.695,-0.221,2.000
0.673,-0.279,1.858
0.629,-0.274,1.675
0.673,-0.230,1.808
1.029,-0.150,1.987
1.114,-0.072,1.816
1.228,-0.253,1.545
1.457,-0.248,1.063
1.245,-0.140,0.702
0.807,-0.076,0.494
0.494,-0.009,0.278
0.384,0.121,0.116
0.292,0.182,0.058
0.174,0.253,-0.040
0.043,0.360,0.008
0.029,0.414,0.110
0.029,0.407,0.117
0.074,0.434,0.108
0.307,0.480,0.147
0.352,0.503,0.242
0.275,0.515,0.347
0.188,0.470,0.251
0.102,0.512,0.112
-0.042,0.529,-0.066
-0.091,0.494,-0.206
-0.084,0.396,-0.285
-0.139,0.299,-0.401
-0.111,0.196,-0.558
-0.000,-0.028,-0.523
0.104,-0.459,-0.172
0.111,-0.727,0.338
0.075,-1.039,0.962
0.170,-1.163,1.608
0.298,-1.298,1.944
0.529,-1.209,1.872
0.773,-1.161,1.938
1.014,-1.120,2.000
1.285,-1.144,2.000
1.523,-1.158,2.000
1.230,-1.043,2.000
0.989,-1.060,2.000
0.859,-1.009,2.000
1.006,-1.007,1.993
0.883,-0.978,1.853
0.621,-1.008,1.784
0.487,-0.987,1.678
0.393,-0.960,1.499
0.370,-0.854,1.196
0.296,-0.726,1.155
0.232,-0.632,1.205
0.072,-0.499,1.283
0.024,-0.477,1.147
-0.113,-0.485,0.769
-0.345,-0.272,0.420
-0.321,-0.032,0.174
-0.333,0.141,0.083
-0.356,0.236,-0.031
-0.363,0.285,-0.025
-0.467,0.302,-0.074
-0.418,0.301,-0.167
-0.261,0.282,-0.258
-0.169,0.280,-0.232
0.001,0.068,-0.029
0.124,-0.031,0.145
-0.023,-0.139,0.425
0.065,-0.346,1.081
0.449,-0.420,1.953
0.679,-0.379,2.000
0.567,-0.378,2.000
0.243,-0.462,2.000
0.249,-0.580,2.000
0.816,-0.656,2.000
1.363,-0.690,2.000
1.320,-0.693,2.000
0.800,-0.719,1.966
0.685,-0.760,1.543
0.558,-0.681,1.330
0.603,-0.574,1.407
0.990,-0.532,1.253
0.998,-0.505,0.872
0.983,-0.526,0.440
1.044,-0.349,-0.032
0.695,-0.075,-0.218
0.370,0.138,-0.024
0.372,0.139,0.235
0.425,0.220,0.415
0.271,0.166,0.356
0.140,0.243,0.163
-0.057,0.337,0.057
-0.261,0.376,-0.015
-0.106,0.398,-0.003
0.095,0.526,-0.027
0.182,0.537,0.112
0.103,0.482,-0.007
-0.194,0.539,-0.212
-0.298,0.569,-0.452
-0.162,0.509,-0.563
-0.096,0.405,-0.704
-0.110,0.195,-0.848
-0.148,-0.153,-0.768
-0.142,-0.593,-0.183
-0.341,-0.918,0.687
-0.076,-1.246,1.331
0.310,-1.288,1.589
0.479,-1.353,1.599
0.492,-1.302,1.924
0.791,-1.217,2.000
1.459,-1.233,2.000
1.924,-1.124,2.000
1.669,-1.069,2.000
1.150,-1.043,2.000
0.969,-1.041,2.000
0.963,-1.032,2.000
0.879,-1.080,1.693
0.621,-1.009,1.530
0.531,-0.915,1.801
0.436,-0.823,2.000
0.280,-0.830,1.998
0.036,-0.842,1.589
-0.244,-0.808,1.194
-0.308,-0.593,0.898
-0.383,-0.388,0.633
-0.405,-0.167,0.545
-0.300,0.022,0.548
-0.235,0.063,0.486
-0.284,0.170,0.356
-0.280,0.230,0.113
-0.334,0.361,-0.121
-0.312,0.467,-0.252
-0.058,0.445,-0.331
-0.056,0.457,-0.346
-0.048,0.447,-0.300
-0.077,0.403,-0.191
-0.048,0.336,-0.094
-0.022,0.211,0.086
0.123,0.038,0.174
0.143,-0.120,0.244
-0.214,-0.109,0.777
0.034,-0.253,2.000
0.711,-0.383,2.000
1.019,-0.190,2.000
0.697,-0.118,2.000
0.480,-0.103,2.000
1.062,-0.217,2.000
1.475,-0.270,2.000
0.936,-0.197,2.000
0.347,-0.221,2.000
-0.119,-0.276,1.747
0.209,-0.385,1.043
0.898,-0.257,0.718
1.119,-0.082,0.808
0.977,-0.043,0.811
0.554,0.030,0.751
0.522,0.024,0.602
0.836,0.013,0.237
0.715,0.136,-0.138
0.474,0.242,-0.296
0.357,0.329,-0.293
0.202,0.403,-0.160
0.137,0.439,-0.078
0.109,0.443,-0.118
0.124,0.496,-0.108
0.192,0.515,-0.005
0.212,0.493,-0.010
0.114,0.470,-0.065
-0.083,0.502,-0.060
-0.223,0.476,0.048
-0.202,0.448,0.083
-0.124,0.342,-0.060
-0.023,0.257,-0.261
0.074,0.095,-0.391
0.118,-0.095,-0.437
-0.086,-0.356,-0.302
-0.047,-0.863,-0.017
-0.027,-1.125,0.526
0.231,-1.525,1.356
0.573,-1.603,1.843
1.149,-1.555,2.000
1.678,-1.322,2.000
1.771,-1.081,2.000
1.696,-0.976,2.000
1.283,-0.978,2.000
1.020,-0.980,2.000
0.862,-0.936,2.000
0.840,-0.954,2.000
0.732,-0.967,1.987
0.519,-0.900,1.515
0.348,-0.752,1.348
0.095,-0.656,1.516
-0.001,-0.584,1.616
-0.091,-0.494,1.438
-0.226,-0.432,1.122
-0.305,-0.260,0.940
-0.265,-0.102,0.826
-0.190,0.007,0.788
-0.167,0.045,0.706
-0.254,0.082,0.436
-0.433,0.165,0.189
-0.494,0.227,-0.097
-0.356,0.260,-0.457
-0.222,0.402,-0.772
-0.080,0.509,-0.786
-0.102,0.500,-0.679
-0.155,0.531,-0.602
-0.160,0.419,-0.532
0.030,0.249,-0.625
0.171,0.036,-0.638
-0.040,-0.122,-0.290
-0.333,-0.344,0.389
-0.093,-0.576,1.271
0.439,-0.852,2.000
0.772,-0.598,2.000
0.583,-0.409,2.000
0.548,-0.466,2.000
1.111,-0.526,2.000
1.251,-0.482,2.000
1.212,-0.446,2.000
0.978,-0.455,2.000
1.665,-0.501,1.868
1.886,-0.451,1.668
1.679,-0.382,1.543
0.974,-0.341,1.527
0.659,-0.420,1.287
0.625,-0.362,0.894
0.546,-0.286,0.651
0.578,-0.240,0.532
0.427,-0.199,0.345
0.136,-0.077,0.020
-0.075,0.158,-0.135
-0.105,0.256,-0.035
0.009,0.296,-0.059
0.065,0.386,-0.109
0.095,0.410,-0.085
0.065,0.448,-0.042
0.062,0.468,-0.081
-0.004,0.490,-0.186
0.015,0.500,-0.173
0.018,0.484,-0.131
0.061,0.399,-0.116
0.068,0.323,-0.201
0.025,0.181,-0.311
-0.056,0.071,-0.273
-0.140,-0.097,0.025
-0.079,-0.338,0.327
0.033,-0.633,0.595
0.374,-0.784,0.629
0.346,-1.041,0.524
0.137,-1.373,0.989
0.266,-1.506,1.641
0.898,-1.435,2.000
1.591,-1.256,2.000
2.000,-1.099,2.000
1.700,-0.924,2.000
1.323,-1.046,2.000
0.898,-1.057,2.000
0.646,-1.071,2.000
0.537,-1.140,2.000
0.388,-1.089,2.000
0.023,-1.043,1.857
-0.258,-0.907,1.774
-0.391,-0.796,1.641
-0.362,-0.729,1.434
-0.190,-0.642,1.047
-0.169,-0.498,0.754
-0.344,-0.298,0.651
-0.420,-0.184,0.559
-0.347,-0.093,0.336
-0.270,0.019,0.088
-0.267,0.190,-0.195
-0.304,0.347,-0.380
-0.153,0.438,-0.495
-0.002,0.476,-0.540
0.078,0.482,-0.548
0.050,0.514,-0.549
-0.107,0.501,-0.502
-0.063,0.387,-0.357
0.031,0.303,-0.083
0.088,0.215,0.375
0.039,0.062,1.003
-0.018,-0.023,1.316
-0.076,0.017,1.064
-0.289,-0.088,1.038
0.100,-0.215,1.711
0.387,-0.339,2.000
0.455,-0.415,2.000
0.176,-0.447,2.000
0.192,-0.716,2.000
0.975,-0.715,2.000
1.454,-0.573,2.000
1.528,-0.470,2.000
1.479,-0.537,2.000
1.284,-0.600,1.993
1.319,-0.658,1.201
1.368,-0.586,0.478
1.068,-0.376,0.315
0.511,-0.184,0.489
0.138,-0.161,0.607
-0.023,-0.150,0.241
0.004,0.037,-0.144
-0.026,0.176,-0.342
0.032,0.254,-0.331
-0.062,0.321,-0.298
-0.174,0.376,-0.248
-0.162,0.419,-0.158
0.010,0.421,-0.022
0.151,0.432,-0.048
0.083,0.448,-0.145
-0.056,0.426,-0.228
-0.104,0.369,-0.163
-0.282,0.338,-0.117
-0.446,0.141,-0.074
-0.250,-0.065,-0.034
0.072,-0.208,-0.010
0.125,-0.403,0.229
0.023,-0.701,0.541
-0.125,-0.966,0.810
0.035,-1.177,1.217
0.197,-1.422,1.891
1.042,-1.352,2.000
1.969,-1.040,2.000
2.000,-0.991,2.000
1.787,-0.884,2.000
1.312,-0.879,1.998
1.005,-0.929,1.700
0.908,-0.890,1.326
0.866,-0.868,1.077
0.686,-0.823,1.236
0.514,-0.800,1.966
0.459,-0.695,2.000
0.206,-0.689,2.000
-0.202,-0.629,1.928
-0.322,-0.566,1.690
-0.255,-0.482,1.445
-0.181,-0.393,1.222
-0.210,-0.304,1.007
-0.138,-0.257,0.827
-0.142,-0.202,0.651
-0.179,-0.112,0.454
-0.159,-0.055,0.108
-0.125,0.023,-0.230
-0.229,0.193,-0.511
-0.202,0.388,-0.760
-0.179,0.484,-0.885
-0.045,0.478,-0.872
-0.033,0.386,-0.842
-0.254,0.275,-0.707
-0.442,0.094,-0.462
-0.395,-0.066,-0.009
-0.229,-0.397,0.617
-0.070,-0.424,1.396
0.165,-0.612,2.000
0.486,-0.523,2.000
0.774,-0.491,2.000
0.558,-0.461,2.000
0.452,-0.481,2.000
0.804,-0.519,2.000
1.291,-0.529,2.000
1.212,-0.431,2.000
1.214,-0.394,2.000
1.226,-0.517,2.000
0.764,-0.468,2.000
0.529,-0.517,1.801
0.596,-0.649,1.363
0.960,-0.644,0.771
0.854,-0.507,0.489
0.575,-0.390,0.403
0.245,-0.240,0.188
-0.036,-0.033,-0.102
-0.177,0.087,-0.316
-0.149,0.155,-0.575
0.061,0.184,-0.803
0.255,0.366,-0.918
0.085,0.462,-0.813
-0.100,0.437,-0.442
0.021,0.401,0.031
0.110,0.355,0.244
0.140,0.327,0.213
0.149,0.285,0.052
0.177,0.277,-0.077
0.066,0.228,-0.005
0.063,0.036,0.096
0.117,-0.094,0.072
0.082,-0.212,0.011
0.064,-0.468,0.022
-0.031,-0.719,0.333
-0.057,-0.938,0.778
-0.186,-0.985,1.265
-0.107,-1.148,1.885
0.239,-1.032,2.000
0.739,-1.070,1.738
1.143,-1.148,1.820
1.308,-1.135,2.000
1.591,-1.125,2.000
1.795,-1.132,2.000
1.671,-1.095,2.000
1.120,-1.156,2.000
0.758,-1.152,1.941
0.578,-1.168,1.646
0.281,-1.009,1.729
0.229,-0.917,1.864
0.141,-0.893,1.855
0.088,-0.957,1.363
-0.002,-0.780,0.880
-0.228,-0.520,0.648
-0.329,-0.285,0.624
-0.293,-0.130,0.741
-0.158,-0.088,0.843
-0.143,-0.046,0.624
-0.264,0.051,0.326
-0.342,0.179,0.047
-0.346,0.279,-0.138
-0.287,0.359,-0.213
-0.274,0.348,-0.227
-0.275,0.297,-0.308
-0.313,0.284,-0.495
-0.218,0.204,-0.616
-0.139,0.059,-0.602
-0.143,-0.168,-0.245
-0.136,-0.392,0.433
0.007,-0.565,1.371
0.595,-0.738,2.000
1.003,-0.609,2.000
0.595,-0.409,2.000
0.198,-0.457,2.000
0.066,-0.601,2.000
0.371,-0.749,2.000
0.823,-0.788,2.000
0.719,-0.729,2.000
0.568,-0.738,2.000
0.743,-0.770,1.731
1.043,-0.775,1.372
1.392,-0.712,0.948
1.300,-0.501,0.601
0.900,-0.321,0.615
0.448,-0.241,0.699
0.215,-0.154,0.706
0.137,-0.095,0.545
0.003,-0.052,0.135
-0.077,0.092,-0.150
-0.038,0.196,-0.186
-0.026,0.222,-0.156
-0.104,0.305,-0.271
-0.166,0.387,-0.402
-0.068,0.400,-0.314
0.338,0.412,-0.151
0.522,0.449,-0.207
0.406,0.482,-0.235
0.186,0.430,-0.200
0.123,0.344,-0.187
0.084,0.283,-0.275
0.070,0.204,-0.419
0.085,-0.069,-0.534
0.054,-0.307,-0.547
-0.164,-0.676,-0.061
-0.320,-1.095,0.723
-0.433,-1.290,1.367
-0.081,-1.327,2.000
0.567,-1.394,2.000
1.248,-1.182,2.000
1.384,-1.148,2.000
1.338,-1.051,2.000
1.278,-0.978,2.000
1.268,-1.006,2.000
1.238,-1.013,1.802
1.036,-1.043,1.408
0.835,-0.986,1.238
0.555,-0.907,1.343
0.383,-0.828,1.428
0.341,-0.688,1.399
0.131,-0.579,1.397
-0.009,-0.485,1.423
-0.000,-0.421,1.422
-0.108,-0.331,1.417
-0.273,-0.241,1.322
-0.304,-0.177,1.218
-0.352,-0.144,1.006
-0.364,-0.068,0.648
-0.327,0.072,0.340
-0.241,0.189,0.168
-0.226,0.288,0.106
-0.327,0.361,0.124
-0.194,0.339,0.097
-0.063,0.342,-0.129
-0.112,0.387,-0.285
-0.094,0.375,-0.306
-0.126,0.355,-0.417
-0.064,0.226,-0.514
-0.028,0.129,-0.596
-0.159,-0.100,-0.429
-0.314,-0.366,0.386
-0.057,-0.547,1.517
0.677,-0.717,2.000
1.052,-0.559,2.000
0.848,-0.353,2.000
0.457,-0.390,2.000
0.509,-0.507,2.000
0.830,-0.555,2.000
0.844,-0.535,2.000
0.781,-0.542,2.000
1.072,-0.578,2.000
1.192,-0.533,1.807
0.963,-0.512,1.588
0.867,-0.532,1.342
0.926,-0.517,0.869
0.721,-0.360,0.595
0.539,-0.257,0.604
0.436,-0.210,0.588
0.261,-0.173,0.384
0.083,-0.108,0.084
0.007,0.039,-0.173
-0.011,0.185,-0.291
-0.002,0.258,-0.265
-0.046,0.343,-0.210
0.120,0.364,-0.111
0.150,0.438,-0.110
0.051,0.483,-0.077
0.042,0.509,0.000
0.049,0.497,0.065
0.365,0.452,-0.044
0.451,0.433,-0.250
0.323,0.393,-0.280
0.107,0.356,-0.213
-0.102,0.180,-0.238
-0.072,-0.034,-0.369
0.183,-0.245,-0.540
0.078,-0.560,-0.337
0.023,-0.978,0.166
-0.071,-1.321,0.619
0.013,-1.562,1.142
0.223,-1.684,1.984
0.304,-1.413,2.000
1.084,-1.270,2.000
1.585,-1.228,2.000
0.944,-0.993,2.000
0.629,-0.927,2.000
0.542,-0.863,1.943
0.525,-0.906,1.847
0.491,-0.889,1.515
0.723,-0.864,1.251
0.808,-0.855,1.163
1.079,-0.863,1.153
1.329,-0.847,1.191
1.300,-0.813,1.319
1.072,-0.769,1.340
0.683,-0.727,1.337
0.447,-0.712,1.233
0.189,-0.616,1.171
0.016,-0.535,1.282
-0.104,-0.470,1.386
-0.354,-0.388,1.267
-0.542,-0.221,1.151
-0.413,-0.134,1.115
-0.173,-0.106,0.946
-0.109,-0.087,0.726
-0.025,-0.025,0.496
0.021,0.044,0.339
0.018,0.069,0.096
0.084,0.195,-0.052
0.102,0.305,-0.096
0.137,0.363,-0.004
0.188,0.341,0.102
0.182,0.334,0.064
0.113,0.287,-0.036
0.045,0.203,-0.200
-0.130,0.179,-0.315
-0.536,0.104,-0.033
-0.714,-0.104,0.819
-0.407,-0.370,1.707
0.355,-0.512,2.000
0.843,-0.480,2.000
0.780,-0.415,2.000
0.470,-0.609,2.000
1.039,-0.774,2.000
1.492,-0.756,2.000
1.426,-0.755,2.000
0.891,-0.693,1.660
0.510,-0.664,1.253
0.893,-0.628,0.595
0.908,-0.331,0.227
0.544,-0.166,0.090
0.245,-0.053,-0.078
0.136,0.082,-0.329
0.046,0.251,-0.604
0.023,0.328,-0.655
0.079,0.339,-0.473
0.210,0.389,-0.354
0.264,0.351,-0.324
0.277,0.333,-0.307
0.293,0.335,-0.171
0.207,0.327,-0.004
0.150,0.289,0.034
0.095,0.249,-0.006
0.022,0.172,-0.118
-0.157,0.073,-0.168
-0.221,-0.136,-0.214
-0.144,-0.377,-0.304
-0.100,-0.821,-0.301
-0.090,-1.398,-0.084
0.064,-1.778,0.495
0.736,-2.000,1.559
1.492,-2.000,2.000
2.000,-1.871,2.000
2.000,-1.466,2.000
1.090,-1.272,2.000
0.712,-1.239,2.000
0.868,-1.198,2.000
0.523,-1.068,1.855
0.180,-0.969,2.000
0.256,-0.849,2.000
0.249,-0.898,1.931
0.200,-0.873,1.467
-0.086,-0.819,1.204
-0.342,-0.563,0.971
-0.392,-0.386,0.820
-0.327,-0.307,0.643
-0.190,-0.204,0.353
-0.124,-0.080,-0.027
-0.205,0.111,-0.218
-0.387,0.314,-0.302
-0.564,0.443,-0.391
-0.420,0.401,-0.479
-0.099,0.404,-0.628
0.061,0.411,-0.749
0.046,0.313,-0.773
0.030,0.183,-0.632
-0.033,-0.030,-0.193
-0.005,-0.216,0.270
0.043,-0.300,0.678
0.087,-0.395,1.237
0.144,-0.511,1.848
0.186,-0.443,2.000
0.323,-0.518,2.000
0.477,-0.514,2.000
0.693,-0.554,2.000
0.476,-0.537,2.000
0.457,-0.556,2.000
0.598,-0.547,2.000
0.558,-0.470,2.000
0.641,-0.432,2.000
1.174,-0.710,2.000
1.437,-0.646,1.572
0.862,-0.538,1.395
0.567,-0.525,1.195
0.612,-0.532,0.758
0.630,-0.493,0.340
0.514,-0.357,-0.045
0.162,-0.141,-0.351
0.044,0.086,-0.593
-0.094,0.293,-0.591
-0.033,0.266,-0.367
0.112,0.284,-0.321
0.100,0.334,-0.361
-0.004,0.384,-0.322
0.055,0.386,-0.104
0.249,0.376,0.034
0.320,0.361,0.024
0.263,0.364,-0.078
0.050,0.364,0.021
0.078,0.370,0.271
0.131,0.284,0.528
0.183,0.197,0.496
-0.053,0.154,0.289
-0.176,0.072,0.469
0.024,0.019,1.236
0.160,-0.044,1.806
0.163,0.090,1.257
-0.227,0.165,1.765
0.022,0.050,2.000
0.360,0.031,1.653
0.394,-0.058,1.332
0.017,0.000,1.415
-0.209,0.034,1.768
-0.115,-0.049,1.816
-0.248,-0.039,1.497
-0.154,-0.047,1.191
0.003,-0.030,1.116
0.031,-0.012,1.236
0.166,-0.082,1.327
0.198,-0.072,1.161
0.055,-0.062,1.062
-0.043,-0.036,1.086
-0.072,-0.041,1.079
0.041,-0.201,0.980
0.105,-0.084,0.770
0.174,-0.035,0.733
0.000,-0.135,0.687
0.046,-0.001,2.000
-0.076,-0.044,1.842
-0.062,-0.501,1.888
0.204,-0.266,1.001
0.358,-0.102,0.509
0.246,-0.216,0.652
0.303,-0.063,0.698
0.538,-0.033,0.962
0.337,-0.095,1.151
0.596,1.992,-1.984
1.635,-0.782,1.997
1.078,0.290,-1.997
0.926,0.121,1.119
0.609,0.081,1.107
0.517,0.189,1.151
0.492,0.184,1.148
0.489,0.447,1.271
0.263,0.114,0.894
0.204,0.269,0.892
0.308,0.152,0.989
0.364,0.131,1.066
0.369,0.131,1.021
0.314,0.154,1.017
0.292,0.157,1.006
0.273,0.170,1.014
0.254,0.161,1.021
0.251,0.171,1.034
0.262,0.171,1.022
0.259,0.164,1.024
0.261,0.168,1.016
0.255,0.165,1.009
0.242,0.158,1.018
0.241,0.163,1.010
0.259,0.161,1.028
0.260,0.167,1.046
0.289,0.142,1.024
0.273,0.168,1.022
0.257,0.161,1.004
0.257,0.141,0.993
0.262,0.169,1.023
0.253,0.157,1.033
0.237,0.156,1.023
0.245,0.169,1.025
0.243,0.167,1.016
0.258,0.151,1.035
0.252,0.156,1.027
0.265,0.170,1.020
0.242,0.161,1.040
0.247,0.156,1.017
0.231,0.170,1.009
0.210,0.161,1.004
0.181,0.180,1.003
0.166,0.158,1.019
0.206,0.153,1.035
0.142,0.165,1.060
0.174,0.154,0.992
0.146,0.115,1.336
0.100,0.117,0.901
-0.216,0.170,0.659
0.168,0.270,0.227
1.169,0.037,0.618
0.329,0.133,1.081
-0.006,0.130,1.121
0.036,0.178,1.001
0.060,0.130,1.033
0.070,0.137,1.061
0.064,0.130,1.031
0.062,0.143,1.035
0.060,0.126,1.032
0.050,0.142,1.035
0.055,0.144,1.049
0.054,0.146,1.057
0.064,0.152,1.039
0.058,0.138,1.035
0.057,0.130,1.034
0.061,0.145,1.050
0.048,0.128,1.040
0.052,0.155,1.043
0.058,0.142,1.039
0.065,0.144,1.036
0.050,0.153,1.062
0.059,0.146,1.046
0.048,0.145,1.034
0.052,0.126,1.043
0.048,0.143,1.037
0.062,0.137,1.046
0.050,0.138,1.052
0.066,0.143,1.059
0.062,0.144,1.035
0.049,0.144,1.031
0.054,0.146,1.060
0.077,0.143,1.048
0.063,0.154,1.052
0.047,0.138,1.050
0.075,0.146,1.039
0.050,0.128,1.052
0.059,0.143,1.040
0.067,0.141,1.055
0.048,0.138,1.044
0.050,0.146,1.051
0.059,0.145,1.044
0.063,0.141,1.057
0.059,0.142,1.036
0.059,0.140,1.047
0.065,0.155,1.048
0.065,0.142,1.056
0.077,0.143,1.061
0.059,0.145,1.050
0.060,0.146,1.053
0.138,0.162,1.034
0.079,0.162,1.022
0.070,0.144,1.037
0.055,0.137,1.055
0.068,0.152,1.051
0.065,0.139,1.053
0.073,0.144,1.059
0.051,0.126,1.050
0.065,0.135,1.039
0.052,0.156,1.043
0.054,0.144,1.033
0.056,0.143,1.048
0.059,0.141,1.035
0.078,0.146,1.032
0.072,0.147,1.054
0.058,0.156,1.043
0.065,0.135,1.060
0.057,0.145,1.050
0.078,0.128,1.041
0.056,0.125,1.036
0.065,0.127,1.059
0.051,0.144,1.047
0.067,0.145,1.050
0.049,0.144,1.054
0.058,0.144,1.033
0.057,0.136,1.038
0.063,0.156,1.048
0.062,0.156,1.047
0.076,0.143,1.056
0.070,0.139,1.043
0.056,0.144,1.051
0.060,0.140,1.052
0.074,0.154,1.042
0.050,0.145,1.049
0.078,0.147,1.033
0.058,0.146,1.062
0.075,0.139,1.060
0.060,0.152,1.039
0.047,0.156,1.042
0.062,0.155,1.044
0.064,0.129,1.037
0.058,0.141,1.061
0.063,0.140,1.050
0.062,0.130,1.053
0.061,0.149,1.062
0.056,0.146,1.059
0.048,0.146,1.034
0.059,0.137,1.039
0.057,0.152,1.042
0.061,0.155,1.032
0.052,0.143,1.032
0.063,0.141,1.033
0.050,0.146,1.033
0.077,0.127,1.046
0.051,0.127,1.044
0.049,0.145,1.033
0.063,0.155,1.057
0.047,0.143,1.042
0.059,0.130,1.047
0.059,0.142,1.050
0.060,0.145,1.050
0.049,0.142,1.051
0.060,0.139,1.036
0.064,0.125,1.048
0.078,0.144,1.051
0.050,0.154,1.042
0.057,0.125,1.051
0.024,0.156,1.020
0.056,0.151,1.048
0.056,0.154,1.068
0.062,0.130,1.050
0.077,0.146,1.037
0.060,0.143,1.062
0.047,0.131,1.041
0.075,0.141,1.044
0.051,0.143,1.050
0.077,0.139,1.045
0.060,0.150,1.051
0.060,0.154,1.055
0.076,0.139,1.035
0.063,0.132,1.037
0.060,0.143,1.056
0.060,0.140,1.059
0.058,0.126,1.034
0.066,0.141,1.047
0.063,0.136,1.043
0.076,0.144,1.046
0.074,0.142,1.059
0.048,0.130,1.052
0.062,0.126,1.042
0.060,0.141,1.049
0.047,0.156,1.049
0.061,0.126,1.050
0.077,0.148,1.045
0.058,0.151,1.061
0.062,0.156,1.092
0.068,0.146,1.050
0.076,0.153,1.034
0.056,0.145,1.052
0.065,0.152,1.055
0.060,0.145,1.046
0.060,0.146,1.034
0.063,0.144,1.061
0.077,0.144,1.049
0.076,0.154,1.035
0.061,0.155,1.044
0.059,0.143,1.060
0.059,0.147,1.062
0.064,0.145,1.049
0.056,0.153,1.050
0.052,0.141,1.062
0.067,0.134,1.044
0.057,0.133,1.053
0.047,0.141,1.060
0.058,0.145,1.050
0.059,0.142,1.051
0.065,0.145,1.039
0.051,0.150,1.041
0.058,0.142,1.041
0.058,0.126,1.046
0.060,0.130,1.061
0.075,0.142,1.047
0.057,0.136,1.059
0.050,0.143,1.048
0.050,0.136,1.044
0.075,0.142,1.058
0.075,0.126,1.035
0.058,0.141,1.036
0.061,0.156,1.040
0.057,0.147,1.046
0.062,0.137,1.036
0.074,0.145,1.034
0.074,0.125,1.055
0.073,0.146,1.044
0.057,0.151,1.055
0.064,0.142,1.058
0.059,0.141,1.032
0.048,0.144,1.046
0.057,0.126,1.049
0.055,0.141,1.040
0.074,0.156,1.035
0.061,0.152,1.059
0.061,0.143,1.043
0.048,0.145,1.043
0.063,0.143,1.048
0.077,0.127,1.042
0.049,0.141,1.032
0.058,0.142,1.055
0.061,0.128,1.033
0.069,0.146,1.057
0.074,0.143,1.055
0.064,0.148,1.043
0.056,0.142,1.035
0.063,0.141,1.032
0.065,0.150,1.059
0.075,0.145,1.036
0.060,0.141,1.059
0.061,0.156,1.032
0.060,0.145,1.049
0.052,0.154,1.047
0.055,0.141,1.046
0.049,0.143,1.034
0.067,0.148,1.037
0.048,0.142,1.041
0.062,0.145,1.032
0.061,0.128,1.061
0.059,0.125,1.051
0.077,0.144,1.058
0.050,0.143,1.054
0.066,0.141,1.045
0.072,0.142,1.055
0.058,0.126,1.048
0.053,0.156,1.047
0.062,0.156,1.035
0.060,0.136,1.055
0.056,0.147,1.061
0.061,0.146,1.040
0.054,0.126,1.057
0.060,0.156,1.060
0.060,0.141,1.048
0.063,0.142,1.058
0.056,0.127,1.034
0.076,0.139,1.043
0.050,0.128,1.059
0.058,0.144,1.047
0.069,0.145,1.050
0.073,0.144,1.036
0.058,0.144,1.055
0.060,0.144,1.052
0.063,0.127,1.062
0.067,0.156,1.046
0.047,0.141,1.041
0.049,0.146,1.049
0.067,0.141,1.061
0.055,0.142,1.053
0.077,0.126,1.045
0.073,0.146,1.062
0.063,0.139,1.047
0.074,0.145,1.062
0.061,0.127,1.048
0.067,0.129,1.052
0.062,0.156,1.052
0.070,0.146,1.061
0.059,0.143,1.035
0.062,0.136,1.032
0.064,0.136,1.047
0.049,0.155,1.045
0.060,0.146,1.041
0.058,0.141,1.034
0.076,0.138,1.057
0.047,0.145,1.032
0.055,0.125,1.045
0.055,0.144,1.043
0.065,0.134,1.034
0.050,0.155,1.041
0.052,0.141,1.039
0.049,0.144,1.050
0.061,0.156,1.053
0.051,0.129,1.033
0.056,0.155,1.034
0.056,0.148,1.051
0.061,0.142,1.036
0.065,0.136,1.047
0.062,0.144,1.044
0.054,0.155,1.042
0.057,0.143,1.052
0.061,0.156,1.057
0.077,0.142,1.062
0.059,0.126,1.060
0.058,0.142,1.040
0.058,0.128,1.045
0.057,0.156,1.038
0.060,0.138,1.045
0.050,0.140,1.050
0.064,0.126,1.037
0.060,0.144,1.051
0.061,0.156,1.045
0.059,0.146,1.032
0.072,0.151,1.060
0.057,0.136,1.047
0.061,0.146,1.031
0.055,0.132,1.044
0.071,0.142,1.050
0.056,0.146,1.047
0.059,0.126,1.035
0.062,0.140,1.041
0.062,0.144,1.053
0.048,0.130,1.046
0.065,0.141,1.054
0.076,0.148,1.047
0.064,0.142,1.056
0.048,0.143,1.040
0.073,0.133,1.041
0.060,0.155,1.034
0.048,0.155,1.045
0.063,0.145,1.051
0.077,0.141,1.061
0.065,0.148,1.049
0.056,0.148,1.059
0.048,0.141,1.041
0.062,0.142,1.051
0.064,0.156,1.036
0.068,0.147,1.051
0.057,0.146,1.055
0.057,0.142,1.041
0.059,0.141,1.039
0.060,0.143,1.042
0.049,0.154,1.055
0.055,0.146,1.050
0.077,0.143,1.050
0.057,0.150,1.062
0.060,0.128,1.041
0.060,0.127,1.062
0.049,0.155,1.055
0.077,0.143,1.047
0.060,0.146,1.046
0.050,0.146,1.054
0.058,0.145,1.060
0.061,0.143,1.046
0.063,0.149,1.037
0.057,0.141,1.042
0.054,0.144,1.045
0.062,0.145,1.042
0.063,0.128,1.058
0.059,0.156,1.048
0.077,0.155,1.046
0.062,0.154,1.033
0.064,0.143,1.061
0.067,0.138,1.040
0.078,0.152,1.058
0.063,0.127,1.032
0.050,0.139,1.043
0.058,0.149,1.054
0.072,0.138,1.038
0.075,0.148,1.062
0.047,0.146,1.039
0.066,0.156,1.050
0.054,0.155,1.047
0.057,0.144,1.033
0.077,0.142,1.050
0.062,0.142,1.043
0.058,0.142,1.046
0.063,0.140,1.047
0.061,0.154,1.060
0.073,0.126,1.059
0.062,0.146,1.061
0.056,0.142,1.062
0.058,0.145,1.045
0.061,0.145,1.055
0.056,0.139,1.053
0.055,0.127,1.060
0.076,0.128,1.031
0.049,0.143,1.051
0.062,0.141,1.042
0.061,0.146,1.036
0.061,0.141,1.043
0.062,0.128,1.042
0.058,0.146,1.032
0.063,0.146,1.039
0.058,0.141,1.044
0.074,0.126,1.061
0.064,0.133,1.060
0.049,0.152,1.034
0.059,0.142,1.042
0.061,0.140,1.048
0.062,0.141,1.046
0.057,0.149,1.051
0.049,0.143,1.053
0.073,0.126,1.061
0.078,0.128,1.040
0.077,0.148,1.051
0.071,0.143,1.061
0.057,0.145,1.032
0.053,0.128,1.039
0.058,0.137,1.040
0.073,0.144,1.060
0.061,0.143,1.056
0.061,0.142,1.031
0.050,0.133,1.047
0.061,0.142,1.060
0.048,0.141,1.054
0.072,0.143,1.049
0.050,0.145,1.059
0.060,0.143,1.061
0.057,0.153,1.049
0.074,0.147,1.054
0.056,0.139,1.062
0.058,0.126,1.038
0.058,0.141,1.050
0.048,0.144,1.035
0.060,0.142,1.034
0.053,0.143,1.032
0.066,0.143,1.031
0.059,0.143,1.032
0.056,0.144,1.058
0.061,0.155,1.060
0.060,0.145,1.033
0.062,0.140,1.039
0.049,0.144,1.046
0.056,0.144,1.045
0.060,0.138,1.055
0.061,0.146,1.061
0.057,0.151,1.046
0.075,0.153,1.045
0.073,0.142,1.048
0.077,0.140,1.042
0.061,0.126,1.056
0.063,0.142,1.052
0.059,0.143,1.047
0.062,0.143,1.056
0.049,0.128,1.052
0.063,0.126,1.042
0.068,0.142,1.052
0.057,0.153,1.039
0.061,0.142,1.053
0.051,0.145,1.041
0.060,0.142,1.054
0.058,0.145,1.032
0.047,0.156,1.054
0.060,0.148,1.037
0.064,0.154,1.047
0.058,0.154,1.060
0.063,0.148,1.033
0.047,0.141,1.049
0.076,0.153,1.052
0.052,0.144,1.032
0.063,0.128,1.050
0.058,0.127,1.052
0.047,0.126,1.036
0.077,0.144,1.043
0.049,0.145,1.034
0.059,0.151,1.042
0.057,0.138,1.046
0.048,0.128,1.047
0.052,0.152,1.060
0.078,0.156,1.043
0.058,0.155,1.032
0.075,0.139,1.062
0.056,0.141,1.032
0.076,0.146,1.042
0.074,0.148,1.035
0.056,0.140,1.048
0.057,0.142,1.055
0.060,0.153,1.046
0.069,0.145,1.054
0.048,0.127,1.051
0.059,0.147,1.038
0.062,0.143,1.049
0.058,0.125,1.053
0.057,0.141,1.055
0.047,0.126,1.046
0.048,0.138,1.038
0.060,0.142,1.038
0.073,0.143,1.047
0.057,0.129,1.051
0.073,0.147,1.054
0.053,0.141,1.033
0.062,0.138,1.046
0.056,0.154,1.040
0.058,0.127,1.038
0.068,0.155,1.050
0.048,0.146,1.045
0.072,0.144,1.044
0.054,0.144,1.043
0.072,0.133,1.032
0.061,0.152,1.052
0.052,0.143,1.041
0.053,0.138,1.041
0.057,0.140,1.050
0.073,0.128,1.036
0.061,0.146,1.036
0.050,0.125,1.049
0.060,0.137,1.052
0.059,0.136,1.048
0.061,0.137,1.051
0.070,0.144,1.041
0.067,0.156,1.049
0.057,0.156,1.041
0.053,0.154,1.060
0.056,0.146,1.039
0.076,0.143,1.041
0.060,0.147,1.034
0.063,0.156,1.044
0.061,0.156,1.048
0.059,0.146,1.056
0.047,0.127,1.032
0.055,0.155,1.035
0.076,0.144,1.037
0.050,0.156,1.062
0.076,0.143,1.037
0.047,0.144,1.044
0.061,0.125,1.040
0.057,0.144,1.048
0.052,0.142,1.047
0.061,0.144,1.046
0.060,0.128,1.032
0.075,0.142,1.034
0.056,0.143,1.053
0.062,0.138,1.061
0.060,0.154,1.044
0.067,0.139,1.060
0.053,0.126,1.032
0.057,0.147,1.062
0.047,0.125,1.047
0.059,0.155,1.046
0.058,0.127,1.046
0.054,0.144,1.047
0.063,0.144,1.047
0.048,0.125,1.047
0.058,0.155,1.059
0.050,0.127,1.038
0.055,0.137,1.055
0.056,0.139,1.042
0.063,0.142,1.039
0.060,0.143,1.032
0.060,0.142,1.050
0.058,0.150,1.056
0.053,0.142,1.032
0.060,0.144,1.035
0.048,0.130,1.043
0.061,0.143,1.039
0.062,0.153,1.050
0.071,0.155,1.048
0.074,0.146,1.039
0.061,0.125,1.060
0.061,0.145,1.045
0.059,0.141,1.061
0.068,0.141,1.034
0.063,0.138,1.048
0.060,0.141,1.046
0.061,0.129,1.044
0.072,0.130,1.038
0.059,0.148,1.055
0.055,0.139,1.039
0.062,0.146,1.045
0.047,0.144,1.038
0.058,0.125,1.054
0.062,0.139,1.043
0.062,0.129,1.050
0.052,0.141,1.046
0.074,0.144,1.032
0.074,0.141,1.042
0.060,0.155,1.059
0.055,0.154,1.033
0.058,0.154,1.041
0.059,0.143,1.053
0.061,0.143,1.035
0.060,0.145,1.035
0.063,0.141,1.034
0.053,0.143,1.046
0.058,0.153,1.044
0.060,0.130,1.038
0.058,0.148,1.045
0.061,0.155,1.060
0.060,0.144,1.062
0.060,0.138,1.038
0.052,0.126,1.059
0.048,0.145,1.061
0.049,0.141,1.050
0.062,0.126,1.058
0.059,0.152,1.050
0.048,0.148,1.041
0.047,0.154,1.047
0.051,0.131,1.050
0.075,0.145,1.052
0.061,0.150,1.054
0.064,0.149,1.031
0.073,0.147,1.055
0.059,0.155,1.058
0.049,0.144,1.045
0.060,0.146,1.044
0.061,0.152,1.047
0.058,0.125,1.062
0.078,0.145,1.043
0.059,0.144,1.061
0.063,0.142,1.055
0.078,0.128,1.062
0.059,0.143,1.048
0.056,0.154,1.031
0.064,0.125,1.035
0.070,0.146,1.062
0.061,0.146,1.033
0.078,0.141,1.040
0.058,0.141,1.048
0.063,0.142,1.052
0.053,0.133,1.060
0.055,0.143,1.034
0.075,0.141,1.048
0.061,0.147,1.050
0.061,0.145,1.041
0.060,0.127,1.033
0.057,0.128,1.060
0.048,0.155,1.031
0.058,0.141,1.035
0.047,0.142,1.039
0.058,0.143,1.062
0.065,0.145,1.043
0.059,0.148,1.057
0.058,0.141,1.052
0.060,0.155,1.054
0.058,0.137,1.051
0.049,0.128,1.031
0.058,0.151,1.045
0.048,0.152,1.046
0.056,0.153,1.047
0.050,0.155,1.050
0.055,0.139,1.059
0.057,0.137,1.032
0.056,0.140,1.047
0.053,0.156,1.039
0.048,0.141,1.059
0.058,0.125,1.045
0.051,0.125,1.031
0.047,0.143,1.059
0.057,0.137,1.032
0.077,0.156,1.034
0.057,0.153,1.043
0.062,0.143,1.044
0.065,0.145,1.061
0.061,0.132,1.062
0.060,0.143,1.051
0.047,0.127,1.044
0.058,0.142,1.059
0.065,0.126,1.042
0.068,0.143,1.038
0.072,0.147,1.062
0.049,0.155,1.033
0.076,0.142,1.031
0.062,0.156,1.052
0.062,0.137,1.050
0.049,0.155,1.053
0.049,0.129,1.047
0.057,0.156,1.033
0.070,0.155,1.045
0.073,0.145,1.046
0.054,0.142,1.034
0.076,0.125,1.043
0.061,0.143,1.062
0.057,0.145,1.040
0.054,0.129,1.042
0.076,0.142,1.056
0.057,0.146,1.057
0.064,0.141,1.060
0.062,0.146,1.059
0.058,0.125,1.038
0.060,0.142,1.052
0.061,0.145,1.062
0.060,0.146,1.038
0.049,0.142,1.057
0.058,0.144,1.034
0.057,0.142,1.060
0.074,0.139,1.062
0.068,0.144,1.040
0.059,0.147,1.035
0.073,0.141,1.035
0.054,0.143,1.047
0.057,0.140,1.040
0.056,0.141,1.048
0.056,0.146,1.044
0.060,0.132,1.049
0.064,0.146,1.049
0.049,0.138,1.045
0.074,0.142,1.043
0.065,0.144,1.050
0.058,0.147,1.044
0.067,0.129,1.044
0.047,0.131,1.046
0.060,0.155,1.036
0.056,0.145,1.048
0.077,0.143,1.050
0.049,0.140,1.050
0.050,0.138,1.049
0.048,0.145,1.047
0.075,0.141,1.048
0.059,0.147,1.060
0.064,0.156,1.042
0.058,0.141,1.060
0.048,0.127,1.061
0.057,0.128,1.051
0.060,0.140,1.045
0.060,0.145,1.044
0.057,0.153,1.041
0.064,0.143,1.032
0.061,0.144,1.043
0.050,0.141,1.059
0.065,0.146,1.040
0.056,0.130,1.053
0.062,0.141,1.047
0.048,0.141,1.062
0.061,0.143,1.036
0.055,0.128,1.041
0.061,0.139,1.044
0.058,0.153,1.053
0.058,0.155,1.036
0.049,0.143,1.045
0.063,0.141,1.042
0.055,0.147,1.062
0.050,0.127,1.044
0.056,0.142,1.059
0.075,0.140,1.041
0.062,0.143,1.054
0.073,0.141,1.052
0.074,0.142,1.037
0.056,0.150,1.046
0.076,0.143,1.032
0.061,0.146,1.052
0.065,0.127,1.042
0.063,0.143,1.033
0.060,0.139,1.032
0.061,0.155,1.033
0.056,0.143,1.041
0.059,0.145,1.061
0.049,0.142,1.049
0.060,0.129,1.041
0.063,0.143,1.036
0.055,0.127,1.032
0.060,0.154,1.045
0.071,0.129,1.050
0.058,0.145,1.044
0.063,0.143,1.036
0.065,0.132,1.048
0.073,0.154,1.048
0.065,0.144,1.041
0.063,0.151,1.032
0.073,0.125,1.050
0.058,0.141,1.040
0.060,0.143,1.051
0.047,0.144,1.039
0.059,0.146,1.050
0.060,0.143,1.049
0.067,0.143,1.051
0.048,0.144,1.031
0.077,0.143,1.060
0.057,0.155,1.042
0.075,0.127,1.052
0.059,0.142,1.047
0.059,0.143,1.038
0.071,0.146,1.058
0.060,0.149,1.055
0.053,0.156,1.041
0.048,0.155,1.032
0.047,0.141,1.046
0.062,0.140,1.033
0.057,0.145,1.051
0.062,0.154,1.053
0.055,0.146,1.050
0.051,0.148,1.046
0.078,0.146,1.045
0.062,0.129,1.035
0.056,0.142,1.045
0.078,0.144,1.039
0.076,0.154,1.059
0.061,0.145,1.042
0.057,0.143,1.062
0.061,0.154,1.033
0.049,0.148,1.042
0.060,0.143,1.044
0.075,0.150,1.053
0.073,0.146,1.051
0.073,0.145,1.033
0.078,0.145,1.045
0.059,0.148,1.043
0.077,0.146,1.046
0.070,0.145,1.056
0.073,0.129,1.038
0.055,0.146,1.060
0.067,0.155,1.043
0.059,0.144,1.043
0.072,0.138,1.056
0.059,0.125,1.035
0.059,0.130,1.057
0.055,0.140,1.057
0.048,0.153,1.056
0.058,0.146,1.041
0.056,0.155,1.049
0.062,0.145,1.045
0.055,0.143,1.061
0.075,0.144,1.045
0.058,0.138,1.050
0.076,0.142,1.050
0.060,0.155,1.050
0.058,0.141,1.056
0.053,0.154,1.033
0.049,0.149,1.051
0.075,0.155,1.039
0.078,0.145,1.035
0.056,0.141,1.047
0.063,0.152,1.044
0.052,0.139,1.044
0.047,0.156,1.050
0.047,0.141,1.033
0.051,0.145,1.038
0.047,0.146,1.058
0.057,0.129,1.054
0.047,0.139,1.040
0.056,0.143,1.044
0.048,0.156,1.047
0.049,0.143,1.062
0.074,0.147,1.033
0.060,0.128,1.029
0.071,0.138,1.062
0.052,0.135,1.045
0.053,0.135,1.053
0.049,0.150,1.038
0.064,0.161,1.011
0.076,0.146,1.044
0.061,0.151,1.049
0.065,0.170,1.034
0.056,0.142,1.052
0.063,0.144,1.049
0.060,0.143,1.034
0.061,0.140,1.052
0.074,0.154,1.044
0.061,0.139,1.045
0.060,0.139,1.045
0.062,0.154,1.035
0.062,0.128,1.054
0.059,0.142,1.047
0.066,0.156,1.039
0.050,0.138,1.045
